1 0.7101778031184902 0.13840225299370928 0.01949874107459703 0.02560248406367982
9 0.7314491570180508 0.13953177434945988 0.01772612824963365 0.024849469826512757
8 0.7620267282486687 0.13915526723087634 0.018612434662115276 0.02560248406367982
4 0.7819686225295065 0.14066129570521047 0.01772612824963365 0.02710851253801394
0 0.8019105168103444 0.13915526723087634 0.016839821837152026 0.0240964555893457
2 0.7314491570180508 0.27130926585369425 0.01772612824963365 0.026355498300846825
4 0.7593677747813987 0.2720622800908613 0.016839821837152026 0.026355498300846936
8 0.7815255149630324 0.2709327587351107 0.016839821837152026 0.02710851253801394
2 0.7318923102242916 0.31234854177929866 0.018612434662115276 0.02560248406367982
4 0.7620267282486687 0.3134780631350493 0.018612434662115276 0.024849469826512816
8 0.7824117757357473 0.31234854177929866 0.015067209012188519 0.02259042711501158
1 0.7305628506055689 0.47575263124454925 0.014180902599706896 0.02560248406367982
5 0.7611404218361869 0.4780116739560505 0.016839821837151898 0.02560248406367982
0 0.7824117757357473 0.477635166837467 0.018612434662115276 0.026355498300846936
2 0.7075188838810452 0.5231925281860736 0.01949874107459703 0.02560248406367982
6 0.7265744717494013 0.5235690353046573 0.015067209012188519 0.024849469826512816
3 0.7589246558049828 0.5239455424232407 0.01772612824963365 0.02560248406367982
0 0.7784233968795797 0.5243220495418243 0.01772612824963365 0.024849469826512705
4 0.7261313185431605 0.5785390746178521 0.02127135389956041 0.024849469826512705
2 0.7580383493925009 0.5804216102107698 0.01772612824963365 0.02861454101234795
0 0.777537090467098 0.5811746244479369 0.015953515424670273 0.02409645558934581
8 0.7992515975728993 0.5811746244479369 0.018612434662115276 0.02861454101234806
7 0.7540499705363337 0.640662749184134 0.016839821837152026 0.02560248406367971
9 0.7735487116109305 0.6421687776584681 0.020385047487078648 0.03012056948668218
3 0.7952632187167317 0.6421687776584681 0.01772612824963352 0.03012056948668218
2 0.686247529981485 0.6963858027344959 0.02304396672452379 0.0316265979610163
9 0.7084051902935269 0.6990213525645806 0.01949874107459703 0.029367555249515065
7 0.7429711403803125 0.6967623098530795 0.02304396672452379 0.029367555249515065
1 0.7651288006923544 0.7001508739203313 0.01949874107459703 0.03012056948668207
4 0.7895022270356007 0.7005273810389148 0.02215766031204203 0.033885640672517425
4 0.8240681771223863 0.7001508739203313 0.02215766031204203 0.03012056948668207
6 0.8253976481510505 0.6410392512308879 0.015953515424670273 0.026355498300846936
