31 0.09143717428578217 0.05910721780667823 0.030025209045413673 0.027583368309783172
10 0.11545734152211312 0.05812209750990025 0.02522117559814748 0.025613127716227223
21 0.1400780129393523 0.06058489825184517 0.024020167236330926 0.026598248013005196
24 0.16529918853749984 0.06058489825184517 0.024020167236330946 0.026598248013005196
27 0.1935228850401887 0.06009233810345619 0.030025209045413673 0.025613127716227237
13 0.22835212753286854 0.06107745840023416 0.02762319232178057 0.027583368309783172
14 0.25597531985464905 0.06107745840023416 0.025221175598147468 0.025613127716227223
12 0.2811964954527966 0.06206257869701213 0.022819158874514398 0.027583368309783172
21 0.304015654327311 0.06501793958734604 0.022819158874514398 0.029553608903339103
10 0.32803582156364186 0.06501793958734604 0.022819158874514398 0.027583368309783172
27 0.3532569971617894 0.06600305988412401 0.0276231923217806 0.02758336830978316
10 0.38088018948356983 0.06551049973573503 0.0252211755981475 0.026598248013005203
13 0.40670186926262575 0.06551049973573503 0.026422183959964016 0.026598248013005203
24 0.43312405322258973 0.06698818018090198 0.02642218395996408 0.029553608903339107
1 0.5316067388915466 0.06994354107123589 0.014412100341798562 0.029553608903339107
0 0.5508228726806113 0.0694509809228469 0.019216133789064706 0.028568488606561148
0 0.5700390064696761 0.07092866136801387 0.016814117065431664 0.027583368309783172
0 0.5994637113341814 0.06945098092284692 0.02041714215088129 0.02462800741944926
0 0.6192803493041548 0.07092866136801387 0.019216133789064824 0.027583368309783172
0 0.6414990039977606 0.07092866136801387 0.02041714215088129 0.027583368309783172
0 0.6721247172240824 0.07339146210995878 0.019216133789064824 0.028568488606561148
0 0.6925418593749637 0.07339146210995878 0.0144121003417985 0.026598248013005196
12 0.09443969519032355 0.099989710122964 0.019216133789064754 0.022657766825893325
24 0.11605784570302138 0.10146739056813095 0.021618150512697856 0.02167264652911534
23 0.13587448367299443 0.1029450710132979 0.01801512542724818 0.020687526232337373
12 0.1562916258238757 0.1029450710132979 0.02041714215088129 0.022657766825893325
14 0.17490725543203214 0.1024525108649089 0.016814117065431664 0.02167264652911535
25 0.19412338922109693 0.10343763116168687 0.016814117065431632 0.0197024059355594
29 0.21033700210562029 0.1029450710132979 0.01801512542724818 0.022657766825893325
24 0.22955313589468507 0.10491531160685383 0.022819158874514398 0.020687526232337387
30 0.2854000247191545 0.10442275145846486 0.02161815051269781 0.02167264652911535
22 0.3226312839354674 0.10540787175524283 0.024020167236330978 0.021672646529115363
12 0.45894573300164554 0.10934835294235472 0.01801512542724818 0.0197024059355594
18 0.6991474053649549 0.11821443561335641 0.008407058532715832 0.023642887122671274
22 0.7147605140685697 0.11772187546496746 0.02041714215088129 0.020687526232337387
25 0.7339766478576345 0.11772187546496746 0.018015125427248247 0.020687526232337387
24 0.7537932858276077 0.11821443561335646 0.019216133789064706 0.021672646529115363
27 0.7748109321593973 0.11919955591013441 0.022819158874514335 0.023642887122671284
29 0.7934265617675539 0.11969211605852338 0.014412100341798621 0.02265776682589331
14 0.8132431997375267 0.12018467620691238 0.02041714215088129 0.025613127716227237
15 0.11065330807484691 0.13693172125213787 0.015613108703615113 0.019702405935559414
21 0.12866843350209514 0.13742428140052684 0.01801512542724823 0.020687526232337362
14 0.14788456729115984 0.13742428140052684 0.018015125427248216 0.020687526232337362
29 0.16349767599477502 0.13693172125213787 0.015613108703615113 0.019702405935559414
12 0.18151280142202317 0.13791684154891587 0.02041714215088129 0.01970240593555939
12 0.3586615347899639 0.1462903640715286 0.016814117065431664 0.016747045045225485
4 0.3748751476744871 0.1462903640715286 0.01321109197998204 0.016747045045225485
8 0.38688523129265273 0.14579780392313962 0.013211091979981979 0.019702405935559414
7 0.45894573300164554 0.15170852570380744 0.02041714215088129 0.02167264652911534
8 0.4781618667907102 0.1512159655554184 0.018015125427248247 0.02265776682589331
1 0.49257396713250884 0.15121596555541844 0.010809075256348938 0.020687526232337362
0 0.5087875800170322 0.15121596555541844 0.016814117065431664 0.020687526232337362
1 0.5207976636351976 0.15121596555541844 0.016814117065431605 0.020687526232337362
