15 0.07694070700522594 0.1268760719788524 0.018919572162581215 0.02063685888754243
21 0.09450888115619421 0.12620313092817168 0.015135657730064967 0.02108548625466293
14 0.11234733490948509 0.12642744461173192 0.01729789454864568 0.02153411362178341
29 0.1293749498558082 0.1257545035610512 0.01675733534400051 0.02108548625466293
14 0.1480242424160668 0.12597881724461144 0.018379012957936036 0.02153411362178341
28 0.07802182541451627 0.16837410343749748 0.01675733534400051 0.02108548625466294
14 0.09667111797477493 0.16725253501969628 0.01729789454864568 0.01973960415330144
16 0.11613124934200131 0.16725253501969628 0.019460131367226394 0.01973960415330144
30 0.13559138070922772 0.16747684870325652 0.018379012957936036 0.01929097678618096
27 0.15532179167877672 0.167925476070377 0.018919572162581225 0.02018823152042195
24 0.17748471906922897 0.16747684870325652 0.0221629273904523 0.020188231520421925
14 0.328030457562911 0.13136234565005725 0.014054539320774653 0.01794509468481952
4 0.3415444376790404 0.131138031966497 0.010811184092903563 0.01659921258345803
8 0.3545178585905247 0.13136234565005725 0.012973420911484311 0.01884234941906048
14 0.3272196187559432 0.17286037710870236 0.014595098525419781 0.017496467317698973
4 0.3407335988720726 0.1719631223744614 0.012432861706839106 0.015701957849217053
8 0.3534367401812344 0.17241174974158188 0.011892302502193941 0.016599212583458013
27 0.07748126620987111 0.20718037069341969 0.01675733534400051 0.02063685888754243
14 0.09694139757709751 0.2078533117441004 0.01675733534400051 0.02198274098890387
12 0.11640152894432391 0.20919919384546187 0.018919572162581225 0.02108548625466291
24 0.13667249911851806 0.20807762542766065 0.020541249776516744 0.020636858887542405
21 0.15559207128109928 0.2089748801619016 0.016216776139355325 0.02243136835602435
14 0.17370080463671275 0.2089748801619016 0.017838453753290868 0.02243136835602435
12 0.19289065640161657 0.20919919384546187 0.018379012957936036 0.01929097678618096
12 0.21181022856419776 0.20964782121258235 0.018379012957936074 0.01929097678618096
18 0.2258647678849724 0.20919919384546187 0.00864894727432285 0.020188231520421925
24 0.24045986641039213 0.2089748801619016 0.02054124977651671 0.02243136835602435
23 0.2612713957892316 0.20964782121258235 0.018919572162581205 0.02108548625466291
14 0.32667905955129806 0.21413409488378726 0.01675733534400053 0.01839372205194
4 0.34100387847439523 0.21346115383310654 0.00864894727432285 0.016150585216337533
8 0.35370701978355695 0.21390978120022697 0.014595098525419821 0.017945094684819488
14 0.07694070700522594 0.2529403621397094 0.018919572162581232 0.02153411362178342
23 0.09586027916780714 0.25271604845614914 0.01675733534400049 0.02108548625466291
29 0.11396901252342058 0.25271604845614914 0.016216776139355325 0.02018823152042195
27 0.13288858468600181 0.2536133031903901 0.021622368185807105 0.02108548625466294
14 0.15261899565555082 0.25383761687395034 0.01675733534400049 0.01973960415330144
16 0.17153856781813204 0.2540619305575106 0.02000069057187158 0.01929097678618096
10 0.19180953799232622 0.25338898950682986 0.018379012957936036 0.01884234941906048
10 0.21910777782690768 0.25383761687395034 0.018919572162581205 0.01973960415330144
13 0.24694657686613433 0.2542862442410708 0.0172978945486457 0.01973960415330147
24 0.2672175470403285 0.2540619305575106 0.0221629273904523 0.02018823152042195
22 0.2904615928400711 0.255407812658872 0.0221629273904523 0.02108548625466294
14 0.3272196187559432 0.25832389054515525 0.015676216934710156 0.01973960415330147
4 0.3415444376790404 0.258099576861595 0.009730065683613226 0.01929097678618096
8 0.35343674018123467 0.2583238905451554 0.014054539320774127 0.01884234941906024
7 0.4280339104222688 0.13270822775141872 0.016216776139355363 0.024225877824506338
8 0.44560208457323713 0.13495136458702117 0.014595098525419781 0.01973960415330144
1 0.4620891403149149 0.1345027372199007 0.010811184092903523 0.02243136835602438
0 0.47695451844265724 0.13427842353634042 0.015676216934710118 0.02018823152042195
1 0.4920901761727224 0.13495136458702117 0.012432861706839106 0.01884234941906048
8 0.5066852746981422 0.13382979616921994 0.015676216934710194 0.02018823152042195
2 0.5393891065791755 0.1362972466883826 0.015135657730064948 0.02063685888754243
0 0.5237128896444652 0.13382979616921994 0.014054539320774611 0.019290976786180972
8 0.42614195320601067 0.17465488657718428 0.015676216934710118 0.020188231520421925
4 0.4415478905383982 0.17555214131142524 0.014054539320774611 0.01839372205194
1 0.45749438707543094 0.1757764549949855 0.010270624888258355 0.017945094684819488
3 0.4729003244078185 0.176225082362106 0.016216776139355363 0.02153411362178342
1 0.4877657025355609 0.17510351394430476 0.011351743297548688 0.02108548625466291
5 0.5034419194702711 0.17487920026074455 0.01675733534400053 0.02153411362178339
0 0.5196586956096264 0.17510351394430476 0.015676216934710194 0.01749646731769904
4 0.53776742896524 0.17510351394430482 0.0172978945486457 0.020188231520421925
8 0.4291150288315591 0.21503134961802822 0.014054539320774688 0.02108548625466291
1 0.44398040695930147 0.2152556633015885 0.010270624888258355 0.01884234941906048
1 0.4607377423033021 0.21682585908651017 0.011351743297548688 0.02108548625466291
4 0.4758734000333669 0.21682585908651017 0.013513980116129443 0.01929097678618099
1 0.49100905776343196 0.21660154540294996 0.010270624888258355 0.01884234941906048
6 0.5064149950958194 0.21727448645363062 0.014054539320774533 0.02108548625466291
0 0.5226317712351747 0.21637723171938977 0.016216776139355283 0.020188231520421877
1 0.5380377085675624 0.21705017277007038 0.011351743297548766 0.02063685888754243
8 0.42776363081994623 0.2603427136971975 0.01675733534400053 0.02108548625466291
1 0.4453318049709145 0.26101565474787813 0.010811184092903601 0.02153411362178342
1 0.45992690349633436 0.26101565474787813 0.010811184092903523 0.02153411362178342
4 0.4750625612263992 0.2607913410643179 0.015135657730064948 0.02108548625466291
1 0.48938738014949656 0.26123996843143843 0.009189506478968018 0.01929097678618096
6 0.5064149950958197 0.26101565474787825 0.015135657730065026 0.02243136835602438
0 0.5226317712351749 0.2621372231656794 0.016216776139355283 0.02018823152042195
1 0.5380377085675626 0.2619129094821191 0.011351743297548688 0.017945094684819488
1 0.5380377085675625 0.3043081956750052 0.012432861706839106 0.02108548625466294
0 0.5229020508374975 0.30341094094076426 0.016757335344000455 0.02018823152042198
6 0.5056041562888517 0.30341094094076426 0.015676216934710118 0.019290976786181017
1 0.4910090577634321 0.3029623135736438 0.012432861706839106 0.02018823152042198
4 0.4758734000333671 0.3029623135736438 0.015676216934710118 0.02018823152042198
1 0.45992690349633436 0.303186627257204 0.014054539320774611 0.02153411362178342
1 0.44506152536859206 0.3036352546243245 0.015676216934710194 0.02243136835602438
8 0.42830419002459147 0.30341094094076426 0.017838453753290868 0.02377725045738582
8 0.42803391042226885 0.34580622713365033 0.0172978945486457 0.02153411362178342
8 0.42749335121762366 0.3911175912128196 0.015135657730065026 0.02153411362178342
8 0.3526259013742666 0.30049486305448114 0.011351743297548731 0.016150585216337533
8 0.3531664605789117 0.3433387766144877 0.011351743297548731 0.01570195784921712
8 0.352355621771944 0.3873042585922954 0.011892302502193898 0.01659921258345808
1 0.4447912457662694 0.3460305408172107 0.011892302502193941 0.01929097678618096
1 0.45884578508704393 0.3458062271336504 0.012973420911484197 0.01973960415330144
1 0.44289928855001115 0.39089327752925934 0.013513980116129443 0.0219827409889039
1 0.45830522588239875 0.39111759121281964 0.012973420911484197 0.019739604153301372
1 0.5372268697605946 0.3462548545007708 0.011892302502193941 0.01884234941906048
1 0.49127933736575463 0.34603054081721063 0.012973420911484275 0.02108548625466294
1 0.4901982189564642 0.39111759121281964 0.01189230250219402 0.017945094684819453
1 0.5374971493629173 0.3915662185799401 0.011351743297548766 0.017047839950578493
4 0.4747922816240768 0.34535759976652974 0.015676216934710118 0.020636858887542405
4 0.4742517224194316 0.3913419048963799 0.014595098525419781 0.018393722051939933
6 0.506144715493497 0.3444603450322889 0.015676216934710194 0.020636858887542405
0 0.5229020508374975 0.34603054081721063 0.015676216934710118 0.020188231520421925
6 0.5056041562888518 0.39111759121281964 0.014595098525419781 0.017945094684819453
0 0.5223614916328523 0.39044465016213875 0.017838453753290868 0.020188231520421925
22 0.07784052546890559 0.29533564833259546 0.020541249776516758 0.02287999572314486
10 0.09919261405239009 0.294887020965475 0.020000690571871562 0.02108548625466294
23 0.11946358422658428 0.295784275699716 0.019460131367226394 0.02108548625466291
18 0.13405868275200405 0.29466270728191474 0.00864894727432285 0.02153411362178342
24 0.1481132220727787 0.29600858938327623 0.019460131367226394 0.02153411362178339
11 0.1678436330423277 0.2955599620161557 0.01675733534400053 0.02243136835602438
27 0.18676320520490886 0.2953356483325955 0.018919572162581205 0.02108548625466294
10 0.20649361617445788 0.2953356483325955 0.0172978945486457 0.02018823152042195
28 0.22541318833703908 0.29443839359835455 0.01729789454864566 0.01929097678618096
14 0.3267680392080099 0.3009434904216016 0.017838453753290868 0.01884234941906048
14 0.3273085984126551 0.34266583556380703 0.013513980116129443 0.016150585216337533
14 0.32703831881033246 0.3884258270100966 0.014054539320774611 0.01884234941906048
14 0.3256869207987195 0.4299238584687417 0.014595098525419781 0.01749646731769904
14 0.09378702200593832 0.383266612288211 0.016757335344000503 0.020188231520421925
14 0.09486814041522867 0.42454033006329595 0.016757335344000503 0.01839372205194
14 0.14703210366348832 0.4254375847975369 0.016216776139355325 0.01929097678618096
14 0.3259572004010421 0.466935616256182 0.015135657730065026 0.01884234941906048
24 0.077570245866583 0.33638505242412015 0.023244045799742638 0.01973960415330144
24 0.13649119917290736 0.338179561892602 0.020000690571871562 0.01884234941906048
29 0.09784121604077715 0.33728230715836105 0.016216776139355325 0.02063685888754246
29 0.1021656896779386 0.4608791468000554 0.015135657730064967 0.02018823152042198
27 0.11598352766227915 0.33801693841981156 0.01997067363721363 0.021252845292006665
27 0.11214301350127652 0.3826479135330256 0.016386193753611163 0.01870250385696587
27 0.13108955002888945 0.3841356127034661 0.01945860508241327 0.019127560762805973
28 0.15665135471014924 0.33767744259635607 0.018968222490999297 0.021713564568631584
34 0.15043762665275287 0.3821902499620508 0.018314145853378608 0.019542208111768468
10 0.11315525830837503 0.42507453998509814 0.015697839302895946 0.017370851654905286
10 0.12067713964101266 0.4611733410804483 0.018968222490999272 0.02117072545441583
19 0.12950717424889163 0.4258887986564218 0.015697839302895967 0.02008504722598421
28 0.16515435099921788 0.425617379099314 0.017660069215757957 0.019542208111768468
28 0.14029943876963263 0.46063050196623245 0.018968222490999297 0.02117072545441583
12 0.07489177500756612 0.4609019215233404 0.018968222490999272 0.020627886340200026
18 0.08960849935403109 0.4598162432949088 0.007848919651447963 0.019542208111768468
25 0.07489177500756612 0.4237174421995587 0.01635191594051662 0.018999368997552658
15 0.07554585164518678 0.38246166951915866 0.016351915940516618 0.02008504722598428
4 0.3411009665191767 0.2996787046012508 0.009811149564309955 0.018456529883336844
4 0.3404468898815561 0.34229157506719027 0.009811149564309993 0.015742334312257855
4 0.3401198515627457 0.3873472215471007 0.011773379477171948 0.016828012540689476
4 0.3397928132439354 0.42968867245593245 0.011119302839551294 0.01791369076912103
4 0.3401198515627457 0.4657874735512824 0.010465226201930643 0.018456529883336906
8 0.3535284226339694 0.42996009201304036 0.012427456114792592 0.017370851654905286
8 0.3535284226339694 0.4666017322226061 0.013735609390033937 0.01682801254068954
8 0.4277661210039148 0.43240286802701133 0.01569783930289601 0.021170725454415895
8 0.4277661210039148 0.4704016060221166 0.01569783930289601 0.02008504722598421
1 0.4428098836691901 0.4321314484699035 0.010465226201930643 0.0195422081117684
1 0.4441180369444314 0.469587347350793 0.009157072926689264 0.020627886340200026
1 0.4589839499921052 0.4325602170630274 0.012205263146912303 0.01864755881536597
1 0.4581517729593613 0.4699704430815085 0.012760047835408366 0.020719509794851095
1 0.48963580403150997 0.4330206506140241 0.011373086114168247 0.020949726570349436
1 0.49088406958062586 0.46904957597951513 0.010540909081424268 0.020719509794851095
1 0.5376246795864151 0.433020650614024 0.009708732048680212 0.020489293019352775
1 0.537763375758539 0.4698553346937594 0.012205263146912303 0.022331027223339506
4 0.4746566174421175 0.43313575900177326 0.01692093299912841 0.02117994334584777
4 0.4741018327536215 0.468934467591766 0.01692093299912841 0.018187125264369296
6 0.5055858638257702 0.4322148918997798 0.017753110031872472 0.02117994334584777
6 0.5047536867930262 0.4688193592040168 0.01608875596638436 0.020259076243854434
0 0.5227841891691467 0.4325602170630273 0.01608875596638436 0.020489293019352775
0 0.5218133159642787 0.4692797927550135 0.01692093299912841 0.020719509794851095
28 0.07835935903152896 0.5082969508171 0.02136868375106711 0.02627341312804424
30 0.10328949007444063 0.5086253684812005 0.023742981945630123 0.025616577799843096
11 0.12980248658039428 0.5076401154888989 0.024534414677151138 0.02627341312804424
29 0.1749141522770916 0.5079685331529994 0.02136868375106713 0.026930248456245323
29 0.22556584709443583 0.5086253684812005 0.02611728014019316 0.026930248456245386
29 0.23506303987268795 0.6153611093138802 0.016620087361941073 0.02233240115883761
29 0.46616139747682134 0.6160179446420814 0.016620087361941073 0.021018730502435443
24 0.2002399996857637 0.5086253684812005 0.024534414677151117 0.024302907143440924
24 0.3193506257796749 0.6156895269779808 0.02216011648258811 0.020361895174234354
24 0.3656494405736537 0.6160179446420814 0.018202952824983104 0.021018730502435443
24 0.10210234097715912 0.6787457184852869 0.02611728014019316 0.02430290714344092
24 0.09735374458803309 0.734576721382381 0.030865876529319176 0.028243919112647488
24 0.3870181243247208 0.7352335567105819 0.027700145603235225 0.028243919112647488
24 0.4780328884496364 0.7339198860541798 0.029283011066277176 0.028243919112647616
10 0.250891694503108 0.5092822038094016 0.022951549214109124 0.025616577799843155
10 0.16225122857275548 0.6156895269779808 0.01978581828802514 0.021675565830636526
10 0.13455108296952029 0.5605153594090879 0.02136868375106713 0.025616577799843155
10 0.1495883048684194 0.6777604654929853 0.024534414677151152 0.02627341312804424
10 0.18915994144446965 0.735233556710582 0.02770014560323515 0.025616577799843155
10 0.3260778039976035 0.735233556710582 0.024534414677151117 0.026930248456245323
21 0.27492790227576663 0.5096408003924986 0.022634976121500762 0.02384312241370011
18 0.07077782917992347 0.5613008989555156 0.01479979207944279 0.02745571671880627
31 0.10037741333880902 0.5598558612334732 0.02698785614486626 0.02745571671880627
0 0.17437637373602297 0.5573270452198988 0.021764400116827617 0.02817823557982748
1 0.20571710990425476 0.5566045263588777 0.014799792079442773 0.025288160135742616
6 0.2270462220187458 0.5576883046504094 0.020893824112154517 0.026010678996763834
0 0.24706947012622726 0.5573270452198988 0.01741152009346213 0.023843122413700173
0 0.26709271823370867 0.55804956408092 0.01741152009346209 0.02673319785778505
4 0.07382484519627935 0.616212332393128 0.0156703680841159 0.01734045266450922
18 0.11648306942526147 0.6151285541015962 0.010446912056077258 0.023843122413700173
31 0.1347651655233967 0.6136835163795537 0.020893824112154517 0.019508009247572747
27 0.195705485850514 0.6147672946710856 0.01915267210280834 0.020230528108594093
14 0.21572873395799547 0.6158510729626174 0.015670368084115878 0.022398084691657737
14 0.2518576381519294 0.616212332393128 0.014799792079442809 0.020230528108594093
23 0.2710103102547377 0.616212332393128 0.018282096098135196 0.01878549038655153
18 0.28450423832717076 0.6151285541015962 0.006964608037384813 0.01806297152553044
13 0.29843345440194047 0.616212332393128 0.01741152009346213 0.020230528108594093
25 0.3463151346589612 0.6154898135321067 0.015670368084115878 0.021675565830636526
27 0.38592634287158767 0.6169348512541493 0.020023248107481448 0.021675565830636526
15 0.41334948701879026 0.6158510729626174 0.015670368084115916 0.022398084691657737
21 0.4294551431052429 0.616212332393128 0.013058640070096597 0.020230528108594093
14 0.44773723920337793 0.6162123323931281 0.018282096098135157 0.021675565830636397
14 0.4856072954066581 0.6183798889761917 0.01741152009346213 0.020230528108594093
9 0.7688620707592905 0.13474976758045687 0.020023248107481448 0.02384312241370014
1 0.789755894871445 0.1358335458719887 0.014799792079442653 0.026010678996763802
0 0.8097791429789264 0.1361948053024993 0.02002324810748129 0.02384312241370014
0 0.839378727137812 0.13402724871943567 0.016540944088789023 0.02384312241370014
0 0.860707839252303 0.13547228644147807 0.01741152009346213 0.025288160135742584
0 0.8589666872429567 0.17484956436713436 0.01915267210280834 0.02023052810859406
0 0.8389434391354754 0.17557208322815562 0.015670368084115916 0.02312060355267893
0 0.8089085669742534 0.17557208322815562 0.020023248107481448 0.02312060355267893
0 0.8393787271378119 0.21783943659789679 0.018282096098135234 0.022398084691657716
0 0.8598372632476301 0.21783943659789673 0.01741152009346213 0.025288160135742584
0 0.8598372632476301 0.26263560598121216 0.01741152009346213 0.02384312241370014
0 0.8385081511331388 0.2608293088286591 0.018282096098135234 0.02312060355267893
0 0.8093438549765899 0.2615518276896804 0.019152672102808185 0.021675565830636498
0 0.8119555829906092 0.30273540276788974 0.015670368084115916 0.023120603552678906
0 0.8415551671494949 0.3034579216289109 0.01741152009346213 0.02601067899676377
5 0.7875794548597623 0.2615518276896804 0.020893824112154555 0.026010678996763802
2 0.7688620707592905 0.26191308712019096 0.018282096098135078 0.025288160135742584
2 0.7714737987733098 0.30237414333737905 0.018282096098135234 0.02384312241370011
5 0.7888853188667722 0.17484956436713436 0.01828209609813539 0.026010678996763802
3 0.790626470876118 0.3027354027678897 0.016540944088788867 0.02601067899676377
0 0.8615784152569761 0.3034579216289109 0.013929216074769699 0.02167556583063647
0 0.8406845911448219 0.345725274998652 0.01741152009346213 0.020953046969615245
0 0.8615784152569761 0.3464477938596733 0.015670368084115916 0.020953046969615245
1 0.7334730955887505 0.5101506010704151 0.017987107534568378 0.02806478220495629
4 0.7651304048495905 0.5122405316601458 0.01798710753456822 0.027467659179318985
4 0.7863551917403813 0.5137333392242391 0.020145560438716584 0.0292590282562311
2 0.7662096313016649 0.565085919429053 0.01870659183595096 0.024482044051132124
3 0.7852759652883071 0.565085919429053 0.01654813893180291 0.022093551948582636
0 0.8075799786311717 0.5122405316601458 0.016548138931802753 0.025079167076769496
0 0.806860494329789 0.5635931118649595 0.01798710753456822 0.02269067497422
4 0.8367190928371726 0.5641902348905968 0.017267623233185488 0.02269067497422
3 0.7838369966855416 0.6242010989671525 0.01942607613733385 0.02687053615368148
6 0.8043422992749495 0.6239025374543339 0.017267623233185488 0.023884921025494624
4 0.8338411556316416 0.6242010989671524 0.01870659183595096 0.02328779799985725
1 0.7165652145062563 0.6785392943001528 0.017267623233185488 0.02687053615368148
6 0.7532589138767756 0.6788378558129717 0.020145560438716424 0.03105039733314308
3 0.7752031850689489 0.6788378558129718 0.020865044740099162 0.026273413128044112
4 0.7989461670145789 0.679434978838609 0.022304013342864634 0.02627341312804424
29 0.07691169157225784 0.6779992896037764 0.021406144503949023 0.02270054477629664
29 0.12685936208147225 0.6772590544480276 0.021406144503949044 0.02319403488012921
