1 0.7503934226601541 0.13716708793039975 0.01865520010013786 0.02489303263362161
1 0.7817341588283858 0.13716708793039975 0.01567036808411578 0.027382335896983773
1 0.8037472949465486 0.1365447621145592 0.016416576088121436 0.028626987528664855
1 0.8522508152069074 0.17730710305211456 0.014924160080110396 0.02551535844946215
1 0.7817341588283858 0.2625657398222685 0.017162784092127088 0.0267600100811432
1 0.7843458868424052 0.3027057549439834 0.013431744072099357 0.023648381001940503
2 0.7817341588283858 0.1776182659600348 0.017162784092127088 0.024893032633621637
2 0.8026279829405403 0.26349922854602936 0.017162784092126956 0.026137684265302667
2 0.8056128149565625 0.3027057549439834 0.01865520010013786 0.02240372937025942
5 0.8037472949465486 0.17761826596003483 0.016416576088121436 0.02862698752866483
7 0.8224024950466865 0.17824059177587537 0.017908992096132476 0.02613768426530272
0 0.8224024950466867 0.1362335992066389 0.016416576088121436 0.023026055186099986
0 0.8231487030506921 0.26412155436186985 0.019401408104143522 0.026137684265302667
0 0.8250142230607059 0.304572732391505 0.02014761610814904 0.02738233589698375
0 0.8544894488252964 0.22086991016095234 0.016416595300866917 0.025515358449462143
15 0.090291158878295 0.7246426664670591 0.022386240120165563 0.031116290792027046
24 0.11976638464288573 0.72526498389971 0.029102112156215235 0.031116290792027046
24 0.40817577819101863 0.7261984726234708 0.02984832016022072 0.030493964976186505
24 0.5887581151603541 0.7271319613472316 0.03134073616823176 0.029871639160345964
24 0.43765099434923677 0.775051049166953 0.03954902421229248 0.037339548950432455
24 0.627934035370644 0.7759845378907139 0.038056608204281375 0.03920652639795408
24 0.17013542491325825 0.859065034305426 0.02835590415220969 0.0273823358969838
24 0.10073808054074503 0.8198585079074721 0.028355904152209697 0.024893032633621637
27 0.14998780880510926 0.7258873097155505 0.02686348814419865 0.031116290792027046
27 0.5574173789921225 0.7268208068225007 0.028355904152209753 0.03422791987122975
27 0.19289476903542657 0.7738063975352719 0.036564192196270405 0.03485024568707029
27 0.14998780880510926 0.8207919966312329 0.02686348814419865 0.02676001008114315
22 0.18058233696933548 0.7255761468076303 0.03283315217624284 0.03173861660786759
22 0.4786924345695402 0.775051049166953 0.038056608204281445 0.037339548950432455
10 0.2126692811415728 0.7246426580838694 0.02686348814419868 0.028626987528664882
10 0.34698672186256624 0.7268207984393114 0.026863488144198713 0.029249313344505423
10 0.3014680336182295 0.7744287233511126 0.03283315217624277 0.03485024568707018
10 0.34959844987658556 0.7750510491669531 0.036564192196270405 0.03609489731875126
10 0.17610508894530238 0.8192361820916315 0.023878656128176603 0.024893032633621526
10 0.319377025714362 0.8211031595391531 0.023878656128176568 0.026137684265302608
10 0.12125880065089678 0.859065034305426 0.024624864132182112 0.024893032633621637
13 0.25259140935586805 0.7255761468076303 0.0276096961482042 0.03173861660786759
13 0.39996749014695804 0.7747398862590329 0.03432556818425384 0.03547257150291072
14 0.27982800150206955 0.7249538209917897 0.023878656128176603 0.029249313344505423
14 0.22796654522368595 0.7741175604431924 0.03208694417223732 0.03422791987122964
14 0.09327600050068983 0.7716282571798301 0.031340736168231784 0.03422791987122964
14 0.2947521615821799 0.8217254853549936 0.023878656128176603 0.024893032633621526
25 0.3178846097063509 0.7249538209917897 0.023878656128176568 0.02800466171282434
16 0.3768350420227869 0.7249538209917897 0.02835590415220969 0.029249313344505423
16 0.26490384142195916 0.7734952346273516 0.03880281620828697 0.03422791987122975
12 0.4663800025034492 0.7249538209917897 0.026863488144198713 0.029249313344505423
12 0.5294345788419155 0.7762957007986341 0.032086944172237286 0.037339548950432455
24 0.4977207386716809 0.7271319613472316 0.02984832016022072 0.029871639160345964
11 0.5286883708379099 0.7261984726234708 0.0291021121562152 0.030493964976186505
23 0.12648225667893542 0.7719394200877504 0.033579360180248326 0.0336055940553891
23 0.2705004014520005 0.8214143224470735 0.024624864132182112 0.02800466171282423
23 0.19737201705945961 0.8584427084895856 0.024624864132182112 0.02738233589698369
29 0.15894230485317545 0.7716282571798301 0.02835590415220972 0.03298326823954856
29 0.0981263525267257 0.8593761972133462 0.021640032116160043 0.025515358449462178
18 0.5055559227137388 0.7753622120748734 0.012685536068093837 0.0367172231345918
18 0.5548056509781031 0.7756733749827938 0.015670368084115916 0.037339548950432344
18 0.5988319232144286 0.7747398862590329 0.015670368084115916 0.03547257150291072
18 0.25184520135186256 0.8201696708153924 0.014177952076104845 0.025515358449462067
21 0.5775649951002714 0.7756733749827935 0.025371072136187608 0.03609489731875137
21 0.23468241725973563 0.8204808337233125 0.023132448124171083 0.029871639160345853
29 0.12648225667893542 0.8198585079074721 0.018655200100137978 0.024893032633621637
28 0.20147616108149002 0.8217254853549938 0.023878656128176603 0.028626987528664882
28 0.34400188984654406 0.8223478111708343 0.022386240120165594 0.029871639160345964
21 0.1451374567790734 0.8593761972133462 0.023132448124171083 0.025515358449462178
