15 0.062296405992098236 0.11480511552536696 0.01820621088972787 0.02098194772405613
21 0.08318000083619786 0.11524223943628478 0.014993350144481787 0.020107699902220458
14 0.10138621172592575 0.11611648725812046 0.014993350144481787 0.021856195545891816
14 0.13940506387800453 0.11611648725812045 0.01392239656273308 0.01661070861487777
14 0.0847864312088209 0.15939175443898626 0.01606430372623048 0.019233452080384794
14 0.08532190799969525 0.2017927737980163 0.01927716447147658 0.01835920425854911
14 0.16564342663084763 0.20266702161985198 0.017135257307979185 0.014862212971206426
28 0.06223880196568422 0.1586381468362702 0.016816626490268806 0.021675565830636498
28 0.14543684881227725 0.3356552677864682 0.020356968909272785 0.02023052810859402
16 0.10605053940085823 0.15936066569729138 0.021242054514023757 0.02023052810859406
30 0.12596496550775552 0.1582768874057596 0.01681662649026882 0.016617933803488007
27 0.14676447721940378 0.16044444398882324 0.017701712095019813 0.020953046969615276
27 0.06312388757043522 0.20162801906703254 0.01858679769977079 0.019508009247572844
27 0.1631385609072971 0.24823048560290104 0.020356968909272764 0.018785490386551626
27 0.17907010179281493 0.2912203578336634 0.022127140118774768 0.020953046969615318
12 0.10605053940085823 0.20198927849754317 0.021242054514023757 0.018785490386551626
12 0.18438061542132086 0.20162801906703254 0.018586797699770823 0.019508009247572844
12 0.20783538394722215 0.20343431621958558 0.021242054514023757 0.017340452664509187
24 0.1688916173381785 0.1593606656972914 0.024782396933027723 0.018785490386551626
24 0.12729259391488199 0.20198927849754317 0.019471883304521775 0.02023052810859406
24 0.2357155804968783 0.20343431621958563 0.01858679769977078 0.018785490386551626
24 0.265808491058412 0.2507593016164753 0.020356968909272806 0.019508009247572844
24 0.13747107836951838 0.2915816172641741 0.020356968909272764 0.020230528108594093
24 0.06312388757043522 0.3327651923423833 0.02212714011877476 0.02023052810859402
24 0.12552242270538 0.33457148949493637 0.021242054514023757 0.020953046969615245
21 0.14676447721940375 0.20198927849754317 0.015931540885517827 0.018785490386551626
14 0.06268134476805971 0.24786922617239043 0.019471883304521775 0.020953046969615276
14 0.14101142078852236 0.2485917450334116 0.0168166264902688 0.019508009247572844
23 0.2569576350109021 0.20343431621958563 0.020356968909272764 0.018785490386551626
23 0.08348085647970799 0.24714670731136923 0.020356968909272775 0.018062971525530408
23 0.10693562500560924 0.2919428766946846 0.021242054514023757 0.023843122413700173
29 0.10251019698185428 0.24823048560290104 0.017701712095019792 0.02023052810859406
29 0.08392339928208348 0.33240393291187265 0.021242054514023768 0.019508009247572802
10 0.18482315822369635 0.24786922617239043 0.019471883304521813 0.019508009247572844
10 0.21535861158760553 0.24931426389443284 0.022127140118774792 0.020953046969615276
10 0.08702119889871195 0.29049783897264214 0.01681662649026882 0.020953046969615318
10 0.19986961350446322 0.2923041361251953 0.017701712095019792 0.020230528108594093
13 0.2427962653348862 0.24859174503341167 0.018586797699770823 0.022398084691657716
22 0.2888207167819377 0.2503980421859647 0.025667482537778716 0.02023052810859406
22 0.06489405877993719 0.2908590984031528 0.025667482537778716 0.020230528108594093
11 0.15827059008116665 0.2908590984031528 0.017701712095019813 0.020230528108594093
18 0.22155421082086244 0.20235053792805374 0.007965770442758924 0.019508009247572844
18 0.12330970869350251 0.29158161726417403 0.007965770442758905 0.021675565830636526
27 0.10339528258660526 0.3338489706339151 0.017701712095019792 0.02239808469165768
7 0.4361874699729775 0.12607954124820228 0.015931540885517848 0.020953046969615276
8 0.45477426767274826 0.12752457897024472 0.015931540885517848 0.019508009247572844
8 0.5193855168195706 0.12933087612279778 0.014161369676015865 0.021675565830636498
8 0.4330896703563492 0.16906941347896465 0.01681662649026884 0.018785490386551626
8 0.43707255557772845 0.21386558286228002 0.017701712095019754 0.02023052810859406
8 0.436630012775353 0.2593842711066167 0.018586797699770743 0.02167556583063647
8 0.4357449271706021 0.3038191810594215 0.01681662649026884 0.022398084691657737
1 0.47159089416301714 0.12896961669228715 0.012391198466513882 0.020953046969615276
1 0.5047816043411791 0.12969213555330833 0.011506112861762889 0.020953046969615276
1 0.46672292333688664 0.17015319177049648 0.011506112861762889 0.020953046969615276
1 0.49947109071267337 0.17195948892304952 0.013276284071264877 0.021675565830636498
1 0.45433172487037277 0.21350432343176945 0.011506112861762889 0.020953046969615276
1 0.4702632657558906 0.21350432343176945 0.013276284071264877 0.020953046969615276
1 0.5012412619221752 0.21386558286228008 0.011506112861762889 0.018785490386551626
1 0.5503635129858553 0.2149493611538119 0.01062102725701182 0.018062971525530408
1 0.4521190108584953 0.2575779739540637 0.010621027257011896 0.019508009247572844
1 0.46849309454638866 0.25974553053712734 0.013276284071264877 0.019508009247572844
1 0.5025688903293017 0.2615518276896804 0.010621027257011896 0.021675565830636498
1 0.5516911413929819 0.26155182768968027 0.011506112861762811 0.018785490386551626
1 0.4521190108584953 0.3038191810594216 0.010621027257011896 0.023843122413700173
1 0.4658378377321358 0.3030966621984003 0.013276284071264877 0.019508009247572875
1 0.5012412619221753 0.30418044048993215 0.009735941652260906 0.020230528108594093
1 0.5503635129858553 0.30490295935095346 0.014161369676015785 0.020230528108594093
0 0.5362021433098394 0.12933087612279773 0.015931540885517848 0.018785490386551626
0 0.5322192580884599 0.17232074835356012 0.015046455280766854 0.022398084691657716
0 0.5362021433098394 0.2135043234317694 0.015931540885517848 0.019508009247572844
0 0.5353170577050884 0.2608293088286592 0.015931540885517848 0.021675565830636498
0 0.5348745149027129 0.30418044048993215 0.015046455280766854 0.021675565830636526
2 0.5539038554048593 0.13041465441432956 0.017701712095019754 0.019508009247572858
5 0.5162877172029421 0.17232074835356012 0.013276284071264877 0.019508009247572844
4 0.5490358845787288 0.17232074835356012 0.013276284071264794 0.018062971525530408
4 0.48619480664140846 0.21314306400125882 0.015046455280766778 0.018785490386551626
4 0.4844246354319065 0.26082930882865907 0.011506112861762889 0.018785490386551626
4 0.484867178234282 0.3045416999204427 0.015931540885517768 0.02239808469165768
8 0.43530238436822655 0.34464149670712013 0.014161369676015865 0.02023052810859402
1 0.4507913824513689 0.34464149670712013 0.011506112861762889 0.02023052810859402
1 0.46628038053451126 0.345725274998652 0.010621027257011896 0.019508009247572802
4 0.4835395498271556 0.3464477938596733 0.01681662649026876 0.020953046969615245
1 0.5007987191197997 0.3464477938596733 0.01062102725701182 0.019508009247572802
6 0.5162877172029421 0.3464477938596733 0.01681662649026884 0.019508009247572802
0 0.5335468864955865 0.3471703127206945 0.014161369676015865 0.020953046969615245
1 0.5508060557882308 0.3478928315817156 0.015046455280766854 0.019508009247572802
8 0.4335322131587246 0.3908827038124781 0.015931540885517848 0.02312060355267896
1 0.4503488396489934 0.3908827038124781 0.014161369676015865 0.021675565830636526
1 0.4653952949297603 0.390882703812478 0.010621027257011896 0.018785490386551657
1 0.5477082561716023 0.39160522267349923 0.012391198466513882 0.01734045266450922
1 0.4990285479102978 0.3908827038124782 0.01062102725701182 0.01734045266450922
1 0.44946375404424244 0.4349563543347723 0.012391198466513882 0.02167556583063647
1 0.4636251237202584 0.4345950949042616 0.010621027257011896 0.019508009247572802
1 0.49947109071267337 0.43567887319579346 0.011506112861762811 0.02167556583063647
1 0.5463806277644759 0.4378464297788571 0.01681662649026884 0.02023052810859402
1 0.5463806277644757 0.47324985396889674 0.011506112861762889 0.021675565830636526
1 0.49770091950317147 0.4732498539688968 0.011506112861762889 0.020230528108594093
1 0.4649527521273848 0.4725273351078756 0.011506112861762889 0.018785490386551657
1 0.44857866843949146 0.4699985190943013 0.014161369676015865 0.019508009247572802
4 0.48221192142002905 0.390882703812478 0.015931540885517768 0.020230528108594093
4 0.4799992074081516 0.4349563543347723 0.018586797699770743 0.018785490386551588
4 0.4791141218034006 0.4699985190943013 0.013276284071264794 0.019508009247572802
6 0.515402631598191 0.39196648210401003 0.015046455280766854 0.019508009247572875
6 0.5140750031910647 0.4342338354737511 0.014161369676015865 0.018785490386551588
6 0.5127473747839382 0.47144355681634365 0.015046455280766854 0.01806297152553044
0 0.531334172483709 0.392689000965031 0.015046455280766854 0.023843122413700173
0 0.5300065440765825 0.43531761376528294 0.012391198466513882 0.02239808469165768
0 0.5304490868789581 0.4728885945383861 0.01681662649026884 0.01806297152553044
8 0.43308967035634915 0.4345950949042616 0.01681662649026884 0.020953046969615245
8 0.4326471275539736 0.47144355681634376 0.015931540885517848 0.01806297152553044
15 0.059944434139953415 0.37879099777930675 0.015287842263880738 0.021675565830636526
14 0.07724383459645004 0.38076150376391005 0.017701712095019813 0.0203618951742343
27 0.0973594165226089 0.37944783310750785 0.016092465540927102 0.019048224517832064
27 0.1174749984487678 0.3797762507716084 0.019310958649112524 0.01839138918963098
34 0.14080907348311208 0.37879099777930675 0.022529451757297935 0.019048224517832064
25 0.05753056430881436 0.4218137117764792 0.016897088817973444 0.02233240115883761
14 0.07684152295792686 0.42214212944057977 0.020115581926158862 0.024302907143440924
14 0.13437208726674124 0.4237842177610825 0.019310958649112506 0.02495974247164201
10 0.09896866307670163 0.4221421294405797 0.019310958649112524 0.0203618951742343
10 0.10741720748568837 0.4599101608121433 0.02172482848025157 0.02364607181523984
10 0.24299622966799908 0.5098296457554273 0.028966437973668765 0.0275870837844464
10 0.12149811483399957 0.5640185603320187 0.027357191419576075 0.025616577799843096
19 0.11546344025615189 0.4221421294405797 0.013678595709788017 0.0203618951742343
28 0.1548899808314233 0.4237842177610825 0.018506335372066158 0.02364607181523984
28 0.1275327894118472 0.4605669961403444 0.016897088817973444 0.02233240115883761
12 0.05833518758586072 0.45892490781984163 0.018506335372066158 0.020361895174234354
18 0.07281840657269512 0.45826807249164053 0.010460102601602607 0.019048224517832134
18 0.05270282464653623 0.5627048896756164 0.012069349155695321 0.025616577799843155
29 0.08730162555952947 0.4592533254839422 0.018506335372066158 0.02364607181523978
29 0.16374083687893318 0.5114717340759302 0.02655256814252971 0.029557589769049784
29 0.2168459731639926 0.5088443927631257 0.02011558192615885 0.025616577799843155
28 0.06115136905552296 0.5088443927631257 0.024138698311390636 0.02824391911264756
30 0.08891087211362217 0.5081875574349246 0.02655256814252972 0.028243919112647616
11 0.1158657518946751 0.5095012280913268 0.02574794486548334 0.029557589769049722
24 0.19150033993703242 0.5098296457554273 0.027357191419576033 0.024959742471642073
31 0.08247388589725134 0.5623764720115159 0.02816181469662242 0.02890075444084864
