3 0.767977689546957 0.12361218185342121 0.021447282414845118 0.02534620244518815
7 0.7886000764843082 0.1222781711984113 0.016497909549881007 0.028014223755207953
1 0.7943743448267666 0.2930315350396789 0.018147700504868997 0.02534620244518815
5 0.8247780250661509 0.2912260197010955 0.019156100153539832 0.025512122355219765
0 0.8456243693508854 0.29304831415503974 0.015775611891150353 0.025512122355219765
3 0.7684365540263279 0.4966897193833119 0.019156100153539832 0.026423269582191877
8 0.7887194836006644 0.4976008666102841 0.019156100153539697 0.026423269582191936
5 0.8208341220933635 0.49577857215633975 0.01802927073274334 0.028245564036136147
6 0.789282854792057 0.5486251174576374 0.018029270732743203 0.02460097512824766
1 0.8202707073829651 0.5486251113207237 0.01464878247035386 0.022778680674303442
6 0.8416804663780978 0.5486251113207234 0.016902441311946848 0.02460097512824766
0 0.8653438842148229 0.5481695377072375 0.016902441311946848 0.025512122355219713
1 0.7870292394694698 0.6060273866199681 0.015775611891150353 0.028245564036136206
5 0.8180170485413722 0.6078496810739125 0.02140975899513269 0.026423269582191877
8 0.8388633928261068 0.6073941074604263 0.018029270732743203 0.023689827901275606
0 0.8602731518212394 0.6078496810739122 0.018029270732743203 0.02460097512824766
4 0.7504072832935849 0.6620629410787544 0.02140975899513269 0.02915671126310837
3 0.7729438717095138 0.6611517938517824 0.016902441311946848 0.02915671126310826
1 0.8078755837542042 0.6625185146922405 0.019156100153539832 0.03371244739796908
8 0.8321024163013279 0.6625185146922405 0.022536588415929183 0.028245564036136206
0 0.8563292488484519 0.6625185146922405 0.02140975899513269 0.030067858490080424
15 0.11036817228119744 0.7194652163779989 0.0236634178367256 0.030979005717052588
24 0.14079256664270176 0.7208319372184572 0.03267805320309722 0.030067858490080424
24 0.43996577786416097 0.7208319372184572 0.033804882623893695 0.028245564036136206
24 0.5323657903694704 0.7199207899914849 0.036058541465486614 0.030067858490080535
24 0.6258926322955763 0.7180984955375409 0.031551223782300776 0.030067858490080424
24 0.4681365133840725 0.768211593021008 0.038312200307079526 0.03371244739796908
24 0.6664584914442487 0.7691227402479802 0.03605854146548668 0.0355347418519133
27 0.17234379042500256 0.7194652163779989 0.0281707355199114 0.02733441680916404
27 0.5949048232236739 0.7176429219240548 0.025917076678318517 0.02915671126310826
27 0.6698389797066382 0.7194652163779989 0.029297564940707857 0.030979005717052588
27 0.21685356705279768 0.7686671666344942 0.036058541465486614 0.03644588907888535
22 0.20614871656790185 0.7194652102410849 0.03943902972787599 0.0309790057170527
22 0.7284341095880538 0.7180984955375409 0.03155122378230071 0.030067858490080424
22 0.5120828607951342 0.7686671666344942 0.040565859148672445 0.03644588907888535
10 0.2348828232792059 0.7217430844454293 0.024790247257522057 0.028245564036136206
10 0.37404625674756814 0.7203763513311432 0.025917076678318517 0.02915671126310826
10 0.33009990933650646 0.7686671666344941 0.03493171204469018 0.034623594624941134
10 0.3785535744307541 0.7686671666344941 0.037185370886283035 0.034623594624941134
10 0.1999511112345157 0.8155912488235592 0.024790247257522022 0.02277868067430333
10 0.34925600949004626 0.8160468224370453 0.025917076678318517 0.02733441680916404
10 0.1430462254842947 0.8543150059698749 0.025917076678318517 0.023689827901275384
13 0.277138926559073 0.7194652163779988 0.028170735519911436 0.02915671126310837
13 0.4309511424977894 0.7686671666344941 0.031551223782300776 0.034623594624941134
14 0.3081267356309756 0.7212875108319432 0.031551223782300776 0.034623594624941134
14 0.6991365446473459 0.719009642764513 0.024790247257522022 0.030067858490080424
14 0.7994243630982308 0.7190096427645127 0.027043906099114872 0.028245564036136317
14 0.8839365696579649 0.7185540691510268 0.029297564940707857 0.02915671126310837
14 0.11487548996438326 0.7695783138614664 0.03042439436150432 0.03826818353282957
14 0.2546023381431439 0.768211593021008 0.030424394361504282 0.03371244739796908
25 0.34700235064845336 0.719009642764513 0.025917076678318517 0.030067858490080424
16 0.40672430995066555 0.720376363604971 0.032678053203097204 0.0309790057170527
16 0.29178770902942697 0.7691227402479802 0.03943902972787603 0.0355347418519133
12 0.4985609077455767 0.7171873483105686 0.031551223782300776 0.028245564036136095
11 0.565607258282966 0.719009642764513 0.032678053203097204 0.030067858490080424
18 0.7537877715559741 0.719009642764513 0.016902441311946848 0.030067858490080424
18 0.5396901816046473 0.7691227402479803 0.014648782470353928 0.03371244739796897
18 0.590397505540488 0.7663892985670638 0.014648782470353928 0.03189015294402464
18 0.637724341213939 0.7677560194075221 0.02140975899513269 0.034623594624941134
18 0.27826575597986947 0.814680101596587 0.012395123628761011 0.020956386220359113
23 0.8281585133285401 0.7199207899914849 0.03042439436150435 0.028245564036136095
23 0.30023892968540034 0.8160468224370453 0.022536588415929183 0.02733441680916404
23 0.22417794378163958 0.854770579583361 0.0281707355199114 0.026423269582191877
29 0.8557658341380534 0.7171873483105686 0.024790247257522022 0.028245564036136095
29 0.14699012845708226 0.8151356752100731 0.02028292957433618 0.025512122355219713
29 0.11994622235796734 0.8543150059698749 0.020282929574336205 0.02733441680916404
29 0.7729438717095138 0.719920789991485 0.016902441311946848 0.03189015294402475
29 0.18023159637057776 0.7677560194075219 0.030424394361504282 0.03644588907888546
23 0.14811695787787876 0.7677560194075221 0.03380488262389373 0.034623594624941134
12 0.5656072582829659 0.768211593021008 0.03493171204469018 0.03553474185191319
21 0.6146243380876117 0.768211593021008 0.033804882623893626 0.03553474185191319
21 0.17009013158340963 0.8565928740373052 0.025917076678318517 0.02642326958219199
21 0.2607998999575244 0.8165023960505313 0.022536588415929107 0.02642326958219199
24 0.12276329590995848 0.8165023960505313 0.030424394361504334 0.02642326958219199
24 0.1960072082617281 0.855226153196847 0.025917076678318517 0.025512122355219713
27 0.17234379042500259 0.815135675210073 0.0236634178367256 0.023689827901275495
28 0.22530477320243603 0.815135675210073 0.02140975899513269 0.021867533447331167
