15 0.10450233699791904 0.1277684290771079 0.015612200422333734 0.020536751922737823
21 0.12117900563086642 0.12932424361670922 0.014902554948591275 0.021159077738578363
14 0.13785567426381382 0.12963540652462952 0.01703149136981862 0.01929210029105674
14 0.17227347974032223 0.13025773234047003 0.017741136843561045 0.01804744865937566
14 0.1225982965783513 0.17039774746218486 0.016321845896076177 0.02115907773857834
14 0.12259829657835132 0.21209357712350102 0.017741136843561045 0.021159077738578363
14 0.1037926915241766 0.25627871004817937 0.015612200422333734 0.0186697744752162
14 0.17582170710903444 0.25845685040362126 0.01632184589607619 0.020536751922737823
29 0.15559681110737486 0.12714612421924115 0.014192909474848832 0.01804744865937566
29 0.13856531973755626 0.25658987295609964 0.018450782317303505 0.01929210029105674
29 0.12295314672226816 0.33842572612232014 0.014192909474848832 0.018669774475216228
16 0.14069425615878361 0.17039774746218486 0.015612200422333734 0.023648381001940503
28 0.1055668052085327 0.16884193292258354 0.014902554948591289 0.021781403554418873
28 0.24643143174640741 0.29890802843325637 0.015612200422333683 0.01804744865937563
28 0.17901511174087545 0.3381145548312104 0.014192909474848863 0.018047448659375687
30 0.15949986121295828 0.1707089103701051 0.017741136843561014 0.023026055186099955
27 0.17830546626713303 0.16946425873842405 0.01845078231730352 0.02053675192273779
27 0.1577257475286022 0.25814568749570105 0.018450782317303488 0.01991442610689728
27 0.20882022163805808 0.30046384297285766 0.01703149136981857 0.019914426106897254
27 0.1392749652112987 0.3384257177391307 0.01703149136981862 0.016180471211854064
24 0.1988851850056638 0.17039774746218486 0.01987007326478834 0.02115907773857834
24 0.15949986121295828 0.21302706584726183 0.017741136843561014 0.020536751922737823
24 0.2595598867141655 0.2142717174789428 0.019160400384000388 0.02053675192273782
24 0.17120901152970863 0.29828570261741577 0.018450782317303488 0.02053675192273779
24 0.1598546839498295 0.33967036937081174 0.01987007326478834 0.022403729370259473
24 0.10343786878730538 0.33873688064705093 0.02057971873853082 0.021781403554418932
27 0.10450233699791904 0.2114712513076605 0.015612200422333734 0.021159077738578363
21 0.1786602890040042 0.2136493916631024 0.017741136843561073 0.023026055186099986
14 0.19782071679505017 0.21271590293934162 0.016321845896076128 0.01991442610689728
12 0.21627151738371742 0.2145829055364318 0.01632184589607619 0.022403729370259445
12 0.23188369953468743 0.21396055457102267 0.013483264001106419 0.022403729370259445
18 0.2460766090095362 0.21458288038686318 0.012063973053621469 0.022403729370259445
18 0.15808057026547342 0.2998415171570171 0.009225391158651725 0.019914426106897254
23 0.2787203008016885 0.21396056295421217 0.0191604277910459 0.021159077738578363
23 0.14353283805375333 0.29828570261741577 0.01703149136981862 0.019292100291056713
16 0.1953369576369516 0.258145687495701 0.01987007326478834 0.021159077738578363
10 0.2134329172173839 0.2572121987719402 0.014902554948591305 0.01929210029105674
10 0.23898015427211178 0.25876801331154153 0.016321845896076128 0.0186697744752162
10 0.12401758752583618 0.2979745397094955 0.017741136843561062 0.019914426106897254
13 0.26736600062885507 0.2587680258863258 0.01632184589607619 0.01991442610689728
24 0.285816755539113 0.25939033912738213 0.017741136843561014 0.01991442610689728
11 0.18965979384701206 0.29859686552533604 0.017031491369818633 0.02115907773857834
10 0.22798064942910398 0.29921919134117664 0.01845078231730352 0.019914426106897254
22 0.30533199693134816 0.2590791804110566 0.021289364212273294 0.020536751922737823
15 0.099534357540283 0.38428677368423936 0.018450782317303488 0.022403729370259473
14 0.11869478533132898 0.3808639816971164 0.015612200422333734 0.021781403554418932
14 0.16836996849329988 0.42473795171387446 0.015612200422333715 0.02115907773857839
27 0.13643592217489003 0.3821086333287974 0.015612200422333715 0.01929210029105677
27 0.1552415272290647 0.3830421220525582 0.017741136843561045 0.018669774475216228
34 0.17404713228323945 0.3830421220525582 0.018450782317303488 0.02115907773857839
25 0.09917953480341182 0.42411562589803387 0.016321845896076177 0.01991442610689731
14 0.1190496080682002 0.42442678880595414 0.017741136843561062 0.02053675192273785
10 0.13750039038550368 0.42411562589803387 0.01632184589607616 0.01991442610689731
10 0.14317755417544317 0.4605216861247054 0.01632184589607616 0.023026055186099955
10 0.26488175292227206 0.5071961223127459 0.024127946107243035 0.025515358449462067
10 0.15595117270280717 0.5579156763037499 0.023418300633500592 0.02613768426530272
19 0.15417705901845108 0.42442678880595414 0.012773618527363943 0.021781403554418932
12 0.10024400301402547 0.45834354576926356 0.017031491369818602 0.019914426106897254
18 0.1140820897520031 0.4574100570455027 0.007806100211166857 0.01680279702769455
18 0.0952764846978284 0.5579156763037499 0.012773618527363962 0.0273823358969838
29 0.12685570827936704 0.4586547086771839 0.014902554948591275 0.02053675192273779
29 0.1949816737586415 0.5065737964969054 0.02057971873853082 0.025515358449462178
29 0.24359238870999878 0.5068849594048257 0.019870073264788377 0.024893032633621637
28 0.10201811669838158 0.5056403077731446 0.02483759158098546 0.0273823358969838
30 0.12721053101623828 0.5062626335889852 0.025547237054727924 0.02738233589698369
11 0.1531125908078374 0.5065737964969054 0.023418300633500592 0.02676001008114315
24 0.22052891081336937 0.5062626335889852 0.03051475537092502 0.02738233589698369
31 0.1208237217525563 0.5572933504879094 0.028385818949697664 0.024893032633621637
3 0.7133032286080534 0.14095737969058822 0.019870073264788405 0.026137684265302667
2 0.7310443654516143 0.1422020313222693 0.012773618527363848 0.024893032633621585
4 0.7594301844013122 0.14251319423018957 0.017031491369818633 0.024270706817781037
0 0.7803647532837599 0.14282436552129937 0.01916042779104596 0.02240372937025942
2 0.8002347991415025 0.14375784586187065 0.01632184589607619 0.0267600100811432
2 0.7289154290303871 0.2710234752012611 0.01845078231730352 0.024893032633621585
7 0.7573012479800849 0.26915649775373945 0.01561220042233375 0.024893032633621585
0 0.7789454714719569 0.2716457968255068 0.017741136843561073 0.02240372937025942
0 0.7970414219167071 0.27102347100966623 0.01561220042233375 0.02240372937025942
4 0.7324636563990992 0.31303046777049753 0.018450782317303394 0.023026055186099955
7 0.7612042980856683 0.3102300015992151 0.014902554948591178 0.022403729370259473
7 0.7793002576661004 0.31085232741505564 0.014192909474848863 0.02115907773857839
0 0.7984606854571463 0.3133416306784178 0.019870073264788405 0.02738233589698375
3 0.7069164193443713 0.5149751950107526 0.017031491369818633 0.024893032633621526
9 0.7260768471354174 0.5152863579186729 0.01845078231730352 0.02676001008114315
8 0.7555271342957286 0.513108217563231 0.01774113684356095 0.026137684265302608
7 0.7750423756879637 0.5146640614439957 0.01845078231730352 0.02178140355441882
2 0.7945576353515631 0.5159086837345135 0.01632184589607619 0.025515358449462067
6 0.7246575561879325 0.5672505761161423 0.01845078231730352 0.02613768426530272
3 0.7551723115588576 0.5681840522651188 0.014192909474848863 0.024270706817781096
7 0.7739779166130322 0.567250563541358 0.01632184589607619 0.024893032633621637
9 0.7927835216672068 0.5684952025982547 0.017031491369818633 0.024893032633621637
5 0.821878986090647 0.5697398668047202 0.01561220042233375 0.022403729370259473
2 0.8417490593554353 0.5684952151730391 0.015612200422333623 0.024893032633621637
1 0.722528619766705 0.6251268644145284 0.01561220042233375 0.023648381001940444
2 0.7509144387164026 0.6257491902303688 0.01561220042233375 0.022403729370259362
9 0.7679459300862215 0.6266826789541295 0.01987007326478828 0.025515358449462178
6 0.7874611806141385 0.6269938418620499 0.014902554948591305 0.02613768426530272
4 0.6827884732371282 0.6783357216688946 0.019870073264788405 0.024270706817780985
4 0.7044326601862728 0.6789580474847351 0.02057971873853086 0.02676001008114326
9 0.7409794020840087 0.6805138620243365 0.019870073264788405 0.028626987528664882
5 0.7629784117700242 0.6795803733005755 0.018450782317303394 0.029249313344505312
5 0.7839129532454264 0.6805138620243365 0.02057971873853086 0.031116290792027046
4 0.815492176826965 0.6805138620243363 0.018450782317303394 0.02613768426530272
4 0.8342977818811397 0.6808250249322566 0.020579718738530723 0.02800466171282434
7 0.4400945130768275 0.13812620588246202 0.013219020193772905 0.022025676029897853
8 0.4552963862996664 0.1396718673582443 0.01454092221315024 0.02048001455411555
1 0.47005762551604613 0.13909224430482595 0.009693948142100117 0.019320768447278813
8 0.4367009931070105 0.18090770626694017 0.012257512728278568 0.019235525216889426
4 0.4531518654528582 0.18345358460446964 0.012902644977135311 0.020932777441909075
1 0.46831247330099207 0.18317070923363307 0.010967248230565017 0.018104023733542973
1 0.45444212995057165 0.22390476263410478 0.010322115981708275 0.021498528183582305
1 0.45379699770171483 0.26661894363043276 0.011612380479421824 0.01753827299186972
8 0.4396040882268661 0.26888194659712567 0.016773438470275837 0.022064278925255473
8 0.4386363898535808 0.2224903857799217 0.016128306221419156 0.023195780408601957
3 0.482505382775841 0.18062483089610357 0.013547777225992055 0.020932777441909075
4 0.4841182133979829 0.22333901189243155 0.0167734384702759 0.020367026700235852
4 0.482505382775841 0.26888194659712567 0.014838041723705606 0.017538272991869774
6 0.5115363339743954 0.3087673738850875 0.014838041723705606 0.021498528183582333
6 0.5112137678499671 0.2680333204846158 0.012902644977135311 0.019235525216889426
7 0.5015367841171156 0.13960790212479524 0.011612380479421824 0.019235525216889426
